lolcat.default.width.consider <- c(
  .000000001,.000000005
  ,.00000001,.00000005
  ,.0000001,.0000005
  ,.000001,.000005
  ,.00001,.00005
  ,.0001,.0005
  ,.001,.005
  ,.01,.05
  ,.1,.5
  ,1,2,3,5
  ,10,20,30,50
  ,100, 500
  ,1000, 5000
  ,10000, 50000
  ,100000, 500000
  ,1000000, 5000000
  ,10000000, 50000000
  ,100000000, 500000000
  ,1000000000, 5000000000
  
)