lolcat.default.width.consider <- c(
   .000000001, .000000002, .000000005
  ,.00000001,  .00000002,  .00000005
  ,.0000001,   .0000002,   .0000005
  ,.000001,    .000002,    .000005
  ,.00001,     .00002,     .00005
  ,.0001,      .0002,      .0005
  ,.001,       .002,       .005
  ,.01,        .02,        .05
  ,.1,         .2,         .5
  ,1,          2,        3,5
  ,10,         20,      30,50
  ,100,        200,        500
  ,1000,       2000,       5000
  ,10000,      20000,      50000
  ,100000,     200000,     500000
  ,1000000,    2000000,    5000000
  ,10000000,   20000000,   50000000
  ,100000000,  200000000,  500000000
  ,1000000000, 2000000000, 5000000000
  
)